0 [154, 161, 306, 437, 670, 886, 908]
1 [5, 268, 581]
2 [96, 206, 681, 687, 794, 900]
3 [64, 298, 537, 706, 716]
4 [183, 783, 923]
5 [487, 649]
6 [43, 137, 547, 606]
7 [601, 888]
8 [853, 996]
9 [609, 923]
10 [393, 444, 682]
11 [522, 886]
12 [11, 800]
13 [93, 144, 223, 447, 628]
14 [128, 154, 176, 425, 748]
15 [240, 334, 609, 939]
16 [242, 526, 802, 845, 891]
17 [621, 650, 717, 801, 851]
18 [17, 102, 343, 435]
19 [99, 246, 404, 594]
20 [53, 268, 413, 434, 635]
21 [116, 383, 969]
22 [73, 130, 164, 870]
23 [424]
24 [167, 650]
25 [55, 100, 128, 476, 590]
26 [300, 397, 455, 459, 482, 814]
27 [367, 554, 728]
28 [58, 108, 482]
29 [40, 135, 595]
30 [147, 511, 529, 806, 838, 918]
31 [112, 115, 392]
32 [113, 477, 563, 740, 961, 979]
33 [132, 548]
34 [431]
35 [37, 157, 317, 523, 589, 595, 731, 747, 822, 825, 889, 926, 953]
36 [462, 539, 974]
37 [753, 775, 777, 793]
38 [135, 224, 514, 876, 917]
39 [419, 695, 835]
40 [129, 500, 511, 925, 962]
41 [798]
42 [17, 60, 98, 119]
43 [23, 73, 830]
44 [48, 209, 263, 362, 372]
45 [81, 712]
46 [283, 813]
47 [546, 821]
48 [120, 800]
49 [339, 423, 449]
50 [20, 583, 925, 990]
51 [53, 157, 173, 877, 992]
52 [521, 755, 756]
53 [140, 663]
54 [39, 374, 685, 985]
55 [34]
56 [22, 74, 149, 246, 871, 925]
57 [549, 787, 896, 942]
58 [13, 74, 77, 157, 205, 560]
59 [30, 200, 723, 887, 914]
60 [523]
61 [812]
62 [28, 47, 215, 486, 581]
63 [355, 567, 685]
64 [20, 493, 681]
65 [178, 194, 386, 413, 684, 737, 787, 889]
66 [247, 289, 379, 897]
67 [337, 612, 840, 976]
68 [331, 762]
69 [204, 442, 444, 742, 949]
70 [98, 623, 816, 897]
71 [318, 477, 674, 962]
72 [99, 358, 363, 519]
73 [461, 514, 770]
74 [110, 513, 633, 713, 950]
75 [44, 285]
76 [986]
77 [132, 286, 947, 954]
78 [114, 319, 412, 418]
79 [257, 931]
80 [14, 99, 468]
81 [201, 315, 377, 384, 447]
82 [142, 236, 340, 527, 557, 854]
83 [30, 454]
84 [133, 159, 244, 681, 759, 780, 995]
85 [860, 988]
86 [169, 180, 292, 352, 425, 461, 479, 971]
87 [6, 142, 175, 247, 937]
88 [273, 359, 381, 744]
89 [130, 318, 334, 382, 687, 693, 750, 778]
90 [746, 914]
91 [139, 163, 252, 760, 891, 941]
92 [56, 463, 826, 961]
93 [44, 93, 134, 255, 617, 693]
94 [48, 425, 506, 662, 809, 998]
95 [699, 815, 818, 834]
96 [237, 348, 787, 942]
97 [2, 84, 195, 551, 635, 892]
98 [12, 221, 251, 689, 780, 835]
99 [224, 264, 360, 382, 477, 621]
100 [259, 416, 579]
101 [13, 157, 318, 533, 584, 590, 674, 832, 889, 948, 976]
102 [387, 736, 804]
103 [62, 126, 833, 896]
104 []
105 [941]
106 [256, 319, 409, 777]
107 [133, 472, 647, 655]
108 [248, 456, 847, 891]
109 [1, 123, 415, 425, 674, 697, 744, 790, 869]
110 [682]
111 [340, 361, 461, 546, 689, 783, 830]
112 [324, 489, 657, 861, 928]
113 [155, 274, 678]
114 [125, 339, 624, 880]
115 [374, 722]
116 [291, 925]
117 [51, 93, 161, 591, 760]
118 [268, 479, 847, 941]
119 [146, 589, 966]
120 [179, 185, 410, 688, 887]
121 [244, 407, 535, 685]
122 [408, 483]
123 [209]
124 [792, 846]
125 [158, 477, 793]
126 [167, 227, 451, 461, 557, 729]
127 [101, 173, 353, 368]
128 []
129 [45, 108, 179, 230, 529, 970, 976]
130 [18, 29, 194, 433, 705, 789]
131 [866, 965]
132 [18, 577, 787, 928]
133 [36, 254, 383, 533, 828, 863, 892]
134 [133, 516]
135 [32, 449, 607, 984]
136 [659, 717, 897]
137 [558, 804]
138 [89, 96, 285, 360, 417, 558, 750, 809, 816, 978]
139 [3, 42, 143, 245, 954]
140 [567, 978]
141 [42, 429, 455, 606, 666]
142 [294, 329, 506, 579, 751, 852]
143 [119, 194, 273, 283, 359, 413, 521, 586, 816]
144 [3, 164, 213, 496, 564, 637, 721]
145 [397, 499, 820, 931, 976]
146 [857, 969]
147 [316, 790, 849, 881]
148 [81, 522, 568, 613, 727, 759, 925]
149 [558, 559, 623, 629, 806]
150 [99, 547, 723, 784]
151 [72, 198, 623, 703]
152 [21, 32, 94, 202, 236, 481, 681, 732]
153 [382, 807]
154 [0, 90]
155 [292, 401, 828]
156 [2, 400, 450, 489, 773, 971]
157 [18, 50, 309, 464, 503, 931]
158 [164, 254, 335, 401, 537, 893]
159 [303, 802]
160 [119, 272, 467, 513, 689, 846, 970]
161 [156, 251, 482, 719]
162 [119, 273]
163 [254, 391, 429, 830]
164 [4, 274, 745, 987]
165 [11, 130, 135, 235, 718, 859]
166 [419, 569, 678, 783, 868]
167 [202, 384, 672, 815]
168 [403, 461]
169 [36, 732, 906, 917]
170 [479, 522, 945]
171 [536, 829]
172 [972]
173 [26, 156, 350, 385, 409, 447, 552, 787, 844, 937, 957]
174 [170, 187, 288, 790, 926]
175 [44, 699, 714, 841, 955]
176 [167, 240, 599, 618, 639, 696, 950]
177 [293, 382]
178 [48, 60, 221, 242, 359, 360, 403, 524, 846]
179 [47, 946, 948]
180 [359, 684, 862, 958]
181 [152, 341, 504, 989]
182 [275, 530]
183 [98, 219, 458, 750]
184 [156, 230, 282, 373, 554, 666]
185 [142, 285, 553, 689]
186 [189, 637, 729, 867, 910]
187 [276, 618]
188 [257, 287, 356, 436]
189 [559, 735, 957]
190 [432, 483, 580, 822]
191 [51, 83, 302, 581, 786, 921]
192 [663]
193 [805, 858, 908]
194 [161, 455]
195 [136, 269, 395, 430, 483, 603, 777]
196 [265, 320]
197 [486, 575]
198 [11, 94, 440, 612, 747]
199 [255, 287, 677, 685, 883]
200 [401, 661, 746]
201 [869]
202 [771]
203 [113, 166, 715, 903]
204 [276, 837, 854]
205 [51, 101, 409, 522]
206 [24, 368, 423, 965]
207 [9, 111, 318, 618, 770, 994]
208 [369]
209 [34, 110, 522, 737]
210 [473, 503, 606]
211 [594, 678, 733]
212 [37, 334, 385, 837]
213 [252, 276]
214 [3, 278, 344, 428, 759, 899, 983]
215 [205, 992]
216 [97, 297, 728]
217 [136, 215, 271, 378, 492, 989]
218 [174, 296, 450, 667, 839]
219 [158, 349, 477, 502, 504, 919]
220 [123, 647, 648, 707, 831, 872, 895, 974]
221 [106, 303, 321, 335, 403, 506]
222 [112, 219, 347, 561, 752]
223 [651, 945]
224 [250, 498, 541]
225 [15, 79, 367, 619, 732]
226 [311, 815, 967]
227 [388, 495, 926]
228 [634, 893]
229 [62, 122, 276, 578, 641, 665, 923]
230 [379, 385, 902, 990]
231 [204, 501, 524]
232 [154, 333, 366]
233 [49, 73, 202, 446, 481, 733, 829, 926, 979]
234 [203, 247, 354, 896]
235 [417, 613, 727, 944]
236 [70, 153, 653, 661, 665, 704, 969]
237 [219, 564]
238 [158, 450, 552, 618, 881, 970, 998]
239 [163, 390]
240 [77, 262]
241 [67, 675]
242 [8, 570, 893]
243 [24, 436, 454, 553]
244 [136, 204, 326, 450, 659, 803, 848, 912]
245 [214, 223, 285, 791]
246 [194, 339, 509, 521, 576]
247 [193, 324, 360, 406, 543]
248 [552, 642, 728, 851]
249 [451, 710]
250 [256, 994]
251 [47, 142, 266, 970, 998]
252 [91, 96, 290, 589, 738, 754]
253 [162, 697, 703]
254 [82]
255 [726]
256 [281, 417, 601, 769]
257 [74, 476, 778]
258 [164, 334, 488, 617, 683, 974]
259 [144, 161, 171, 229, 786, 843]
260 [493, 545, 649, 877]
261 [172, 192, 426, 943, 967]
262 [604, 958]
263 [294]
264 [99, 285, 317, 633]
265 [439, 725]
266 [25, 403, 539]
267 [35, 321, 434, 862]
268 [90, 162, 191, 391, 735, 779]
269 [321]
270 [317, 367, 437, 745, 950, 962]
271 [61, 172, 221, 791]
272 [35, 284, 785]
273 []
274 [239]
275 [168, 524, 547, 767]
276 [44, 176, 233, 792, 974]
277 [34, 407, 553, 664, 810]
278 [122, 145]
279 [28, 66, 365]
280 [313, 546, 687, 794, 887, 997]
281 [334, 836, 983]
282 [75, 95, 437, 845, 898, 914]
283 [50, 352, 420, 456, 597]
284 [76, 738]
285 [313, 807, 968]
286 [24, 395, 559, 605, 714, 846, 944]
287 [105, 197, 838, 966]
288 [350, 521, 808, 864]
289 [453]
290 [294, 445, 458]
291 [547, 695, 873]
292 [224, 491, 499, 628, 694, 708, 771]
293 [25, 114, 184, 256, 419, 425]
294 [124, 232, 574, 614, 770]
295 [615, 744]
296 [189, 201, 479, 680]
297 [119, 202, 355, 659, 904]
298 [114, 252]
299 [598, 615, 951]
300 [102, 203, 715]
301 [56, 67, 126, 657]
302 [244, 278, 283, 586, 728, 822]
303 [6, 278, 479, 670]
304 [165, 223, 643, 888, 992]
305 [156, 261, 584, 645, 668, 737]
306 [349, 708, 757, 827, 843]
307 [31, 144, 498, 751, 844]
308 [221, 433, 441, 494, 808, 995]
309 [140, 302, 484, 487, 653, 780, 983]
310 [67, 410, 785, 842]
311 [911]
312 [53, 105, 411, 608, 609, 625, 943]
313 [383, 395, 994]
314 [297, 573]
315 [434, 838]
316 [508, 528, 793, 882, 892, 931]
317 [255, 521, 586, 758, 972]
318 [59, 81, 120, 243, 267, 836]
319 [51, 824, 932]
320 [190, 498, 644]
321 [571, 627, 656, 667]
322 [22, 381, 565, 702, 847]
323 [189, 979]
324 [702, 931]
325 [334, 743, 869, 950]
326 [0, 19, 120, 532, 614, 790]
327 [464, 855, 985, 999]
328 [49, 231, 898]
329 [65, 141, 189, 429, 586, 645, 861]
330 [101, 477, 484]
331 [91, 192, 402, 891]
332 [11, 105, 962]
333 [240, 291, 431, 536, 679, 688, 734, 820]
334 [160, 172, 495, 635, 850, 884]
335 [90, 235, 392, 402, 768]
336 [20, 253, 368, 807, 847, 992]
337 [386, 891]
338 [171, 442, 659, 773, 847]
339 [79, 777, 902]
340 [507, 537, 680, 783, 965]
341 [50, 116, 692, 784, 846]
342 [50, 289, 555, 562, 679]
343 [50, 323, 359, 753, 798]
344 [598, 814]
345 [298, 659, 804]
346 [778]
347 [184, 532]
348 [305, 428, 705, 712]
349 [511, 542, 919]
350 [686]
351 [446, 554, 660, 846, 899, 962]
352 [48, 843, 985]
353 [569, 792]
354 [584, 865]
355 [50, 53, 250, 558, 840, 949, 981]
356 [233, 253, 480, 568, 879, 997]
357 [743, 878]
358 [353, 548, 930]
359 [526, 552, 646]
360 [265, 739, 923]
361 [16, 87, 139, 307, 342, 553]
362 [380, 571, 718, 823]
363 [288, 925]
364 [513, 520, 766, 808]
365 [88, 634, 722]
366 [213, 495, 936]
367 [615, 664]
368 [29, 261, 400, 508, 860]
369 []
370 [257, 925]
371 []
372 [444, 805, 847]
373 [199, 933]
374 [461, 477, 558, 698]
375 [150, 495, 760, 822]
376 [16, 126, 554, 630, 823]
377 [34, 522, 634, 690]
378 [420, 651]
379 [938]
380 [6, 29, 382, 405, 740, 937]
381 [97, 108, 678, 693]
382 [584, 672, 808]
383 [352, 649, 774, 916]
384 [506, 590, 720]
385 [231, 564, 998]
386 [32, 140, 357, 956]
387 [525, 532, 568, 596, 935, 956]
388 [393, 657]
389 [299]
390 [623, 866]
391 [69, 427, 708, 733]
392 [297, 533, 656]
393 [72, 133, 481, 496, 714]
394 [272, 398, 438, 457, 658, 706, 893]
395 [155, 361, 567, 849, 871]
396 [43, 114, 524, 708, 943]
397 [353, 771]
398 [9, 227, 366, 669, 814]
399 [211, 533, 914]
400 [307, 438, 735, 826, 891]
401 [63, 489, 518, 840]
402 [267, 624, 648]
403 [112, 253, 371, 699]
404 [419, 500, 589, 785, 823]
405 [77, 81, 115, 193, 326, 367, 582, 945]
406 [605, 744]
407 [238, 250, 393, 402]
408 [131, 459, 529]
409 [238, 687]
410 [5, 104, 289]
411 [39, 586, 663]
412 [497, 611, 650, 878]
413 [34, 166, 695]
414 [282, 310, 834]
415 [114, 525, 680, 876, 925]
416 [153, 168, 354, 585]
417 [438, 729, 862]
418 [197, 941]
419 [453, 912]
420 [175, 243]
421 [260, 301, 627, 866]
422 [106]
423 [0, 45, 419, 859, 986]
424 [62, 380, 505, 512]
425 [552, 621, 740, 851, 971]
426 [47, 103, 594]
427 [454, 643, 724, 934, 984]
428 [84, 323, 904]
429 [31, 122, 419, 537]
430 [281, 339, 690, 912]
431 [136, 440, 507]
432 [115, 156, 321, 387, 593, 848, 861]
433 [7, 21, 482, 907]
434 [3, 542]
435 [141, 500, 610, 644, 826, 967]
436 [266, 293]
437 [30, 354, 880, 931]
438 [118, 306, 850, 853, 860]
439 [446, 717, 782, 885, 923, 953]
440 [711, 876, 880]
441 [386, 609, 766]
442 [437, 478, 686]
443 [269, 271, 364, 378, 440, 610, 724]
444 [109, 161, 655]
445 [266, 372, 647, 652, 659, 674]
446 [327, 358, 705, 717]
447 [1, 226, 344]
448 [48, 325, 458]
449 [717, 815, 899]
450 [488]
451 [102, 156, 909]
452 [48, 53, 160, 375, 860]
453 [82, 107, 330, 769]
454 [241, 672, 927]
455 [232, 489, 512, 532, 703, 866, 969]
456 [248, 364, 434, 744]
457 [63, 379, 394, 500, 640, 780, 855]
458 [335, 347, 639, 959, 994]
459 [43, 358, 375, 414, 430, 642, 874]
460 [286, 414, 457, 471, 543, 839]
461 [48, 301, 304, 533, 556, 627, 648, 819, 882]
462 [132, 608, 943]
463 [416, 444, 848]
464 [227, 474, 827]
465 [464, 545, 782, 828]
466 [196, 301, 822]
467 [78, 108, 230, 678]
468 [168, 403, 437]
469 [221, 256, 486, 648, 938]
470 [166, 211, 287, 773, 784, 886]
471 [7, 592]
472 [288, 464]
473 [34, 73, 665, 914, 955]
474 [298]
475 [272, 384, 703, 757, 863, 917, 997]
476 [108, 169, 320, 395, 646, 813]
477 [21, 219, 360, 628, 995]
478 [237, 487]
479 [270, 308, 390, 407, 903]
480 [109, 258, 579, 688, 939]
481 [225, 304]
482 [21, 215, 658, 725, 950]
483 [122]
484 []
485 [180, 192, 216, 266, 305, 602, 833, 844]
486 [312, 384, 755]
487 [77, 82, 157, 175, 442, 513, 795, 912]
488 [466, 856, 905, 993]
489 [28, 276, 563, 716, 793, 895]
490 [20, 431, 742]
491 [200, 441, 567, 945]
492 [330, 649]
493 [339, 538, 912, 972]
494 [25, 49, 308, 552]
495 [62, 282, 291, 333, 758, 760, 818]
496 [334, 975]
497 [438, 467, 765]
498 [121, 576, 871]
499 [240, 594, 714, 744, 773]
500 [97, 467, 677, 975]
501 [274, 694, 771]
502 [411, 457, 578]
503 [80, 454, 797]
504 [114, 118, 538, 558, 565, 581, 926]
505 [410]
506 [145, 564]
507 [231, 627, 800]
508 [4, 39, 635, 906]
509 [226, 294]
510 [48, 290, 971]
511 [70, 174, 770, 778]
512 [667, 711, 817, 839]
513 [975]
514 [426]
515 [249, 322, 570, 581, 653, 780, 806]
516 [86, 200, 212, 624, 854]
517 [207, 280, 378, 565]
518 [347, 400, 491]
519 [192, 426, 740]
520 [68, 78, 200, 293, 330, 432, 601, 727, 895]
521 [284, 554, 765]
522 [23, 343, 653, 788, 790]
523 [246, 453, 821, 931]
524 [155, 240, 310, 353, 384, 446, 449]
525 [86, 269]
526 [122, 267, 395, 415, 582, 769, 810, 820, 848, 990]
527 [177, 305, 493, 501]
528 [69, 358, 927]
529 [170, 523]
530 [359, 757, 873]
531 [39, 198, 267, 768, 776, 791, 821]
532 [87, 154, 817, 843, 993]
533 [631]
534 [44, 89, 148, 580, 796, 992]
535 [343, 505, 989]
536 [159, 667, 849]
537 [301, 649, 949]
538 [16, 148, 175, 249, 743, 791, 854]
539 [406, 417, 892]
540 [208, 294, 623]
541 [5, 571, 772]
542 [124, 462, 614, 900]
543 [361]
544 [17, 377, 440, 660, 888]
545 [272, 461]
546 [259, 551, 725, 737, 957]
547 [642, 721, 946]
548 []
549 [162, 273, 565, 794, 913]
550 [413, 910]
551 [185, 410, 551, 594, 716, 764, 784, 933]
552 [530, 675, 919]
553 [329, 824]
554 [101, 307, 423, 647, 690]
555 [9, 14, 177, 338]
556 [291, 332, 416, 672, 993]
557 [35, 43, 426, 580, 673, 708]
558 [39, 91, 129, 623, 665, 761, 889, 933]
559 [465, 838, 883]
560 [151, 248, 360, 554, 910]
561 [100, 102, 292, 300, 609, 644, 661, 692, 832]
562 [5, 29, 669]
563 [202, 227, 242, 523, 559, 616, 939, 948]
564 [87, 210, 706, 752, 805]
565 [169, 884, 897]
566 [15, 190, 477, 751, 787, 934, 961]
567 [237, 549, 637, 893]
568 [122, 155, 437, 546]
569 [29, 133, 298, 396]
570 [213, 665, 771]
571 [43, 776, 815, 998]
572 [3]
573 [320, 707, 755, 812, 845]
574 [94, 102, 367, 588, 762]
575 []
576 [43, 513, 593, 773, 787, 877]
577 [69, 453, 643]
578 [63, 436, 455, 529, 535, 552, 638, 736]
579 [32, 44, 91, 210, 408, 435, 452, 567]
580 [492, 642, 843]
581 [783, 850]
582 [210, 446, 605, 803]
583 [0, 265, 624]
584 [60, 99, 244, 446, 476, 527, 628, 733, 930]
585 [87, 235, 993]
586 [10, 969]
587 [168, 835]
588 [115, 139, 303, 897]
589 [58, 174, 213, 319, 384, 438]
590 [67, 271, 313, 342, 345, 617, 808, 838, 872]
591 [53, 214, 373, 760]
592 [263, 448]
593 [180, 275, 543, 648, 953]
594 [732, 983]
595 [7, 64, 164, 165, 361, 833]
596 [51, 344, 356, 492, 544, 645, 833]
597 [7, 705]
598 [251, 431, 580]
599 [68, 99, 110, 448, 474, 890]
600 [129, 514, 967]
601 [133, 532, 645, 770, 802, 835]
602 [486, 587, 840, 931]
603 [95, 351, 492, 839]
604 [523, 619]
605 [3, 8, 279, 328, 569, 587, 637]
606 [375, 653]
607 [6, 104, 511]
608 [258, 378, 601]
609 [344, 525, 536, 627]
610 [138, 623, 634]
611 [839]
612 [32, 296, 589, 632, 761]
613 [442, 635, 722, 831, 990]
614 [70, 127, 270, 327, 607, 611, 892]
615 [139, 326, 383, 521, 571, 671, 835]
616 [792, 800]
617 [20, 273, 305, 392, 824, 946]
618 [575, 596, 642]
619 [281, 608, 613, 693, 718, 852]
620 [226, 760]
621 [40, 328, 549, 684, 790, 964]
622 [39, 156, 191, 387, 752]
623 [450]
624 [100, 183, 763]
625 [72, 836, 921, 944]
626 [105, 176, 270, 441, 469, 626, 803]
627 [261, 292, 676]
628 [143, 159, 280, 366, 585, 674, 852]
629 [56, 118, 229, 272, 297]
630 [98, 113, 507, 894, 923, 947]
631 []
632 [290]
633 [140, 281, 320]
634 [226, 513, 545, 698, 796, 938]
635 [475, 592, 717]
636 [10, 92, 141, 205, 230, 300, 489, 740]
637 [180, 182, 286, 432, 452, 524, 538, 759]
638 [223, 700]
639 [354, 759, 965]
640 [47, 152, 217, 256, 266, 414, 597, 927]
641 [46, 208, 431, 538, 622]
642 [308, 674]
643 [91, 385]
644 [57, 598, 966, 984]
645 [6, 47, 108, 173, 377, 795, 818, 918]
646 [206, 551, 592, 803]
647 [100, 404, 478, 778, 890]
648 [253, 335, 489, 744, 868]
649 [248, 453, 483, 910]
650 [114, 368, 667, 687, 706, 802]
651 [78, 160, 963]
652 [46, 131, 284, 403, 577]
653 [257, 313, 327, 330, 702, 916]
654 [323, 760, 892]
655 [15, 857, 918]
656 [195, 413, 878, 967]
657 [446, 647, 771, 858, 947, 995]
658 [36, 486, 761]
659 [36, 138, 652]
660 [5, 47, 885]
661 [214, 376]
662 [607, 649, 864, 964]
663 [42, 343, 379, 406, 640, 694, 864]
664 [394, 519]
665 [166, 220, 496, 862, 922]
666 [14, 288, 464, 497, 679, 964]
667 [143, 206, 401, 879]
668 [83, 487, 528, 675, 934, 936]
669 [282, 616, 659, 734, 999]
670 [202, 342, 567, 827]
671 [29, 302, 576]
672 [308, 502, 508, 527, 615, 888, 975]
673 [119, 323, 416, 445, 629, 637, 940]
674 [384, 572, 660, 776]
675 [19, 482, 515, 852, 870]
676 [119, 285, 333, 338, 581, 596]
677 [65, 564, 845]
678 [215, 314, 386, 539]
679 [144, 155, 645, 705]
680 [230, 582, 748]
681 [94, 727, 928]
682 []
683 [196, 383, 594, 786]
684 [51, 82, 123, 383, 401, 606, 788, 850, 907, 910, 983]
685 [81, 124, 188, 401, 809, 931]
686 [93, 262, 984]
687 [99, 165, 218, 608, 901]
688 [963]
689 [267, 349, 405, 494]
690 [268, 557]
691 [104, 768, 910]
692 [145, 272, 442, 720, 920]
693 [346, 371, 444]
694 [82]
695 [256]
696 [7, 875, 903]
697 [311]
698 [134, 390, 414, 681, 889]
699 [145, 327, 504, 563, 571, 624]
700 [316, 518, 567, 693]
701 [217, 449]
702 [141, 540]
703 [41, 55, 177, 220, 332, 425, 946]
704 [490]
705 [54, 232]
706 [227, 375, 706, 852, 919]
707 [225, 515, 520, 849]
708 [12, 632]
709 [835, 864, 882]
710 [641]
711 [122, 611, 685, 962]
712 [182, 631, 941]
713 [184, 587]
714 [78, 225, 276, 635, 771, 799, 943]
715 [158, 332, 409, 862, 967, 982]
716 [70, 547, 573, 660, 827, 934, 994]
717 [104, 133, 152, 275, 399, 460]
718 [319, 378, 451, 562, 924]
719 [113, 309, 380]
720 [688, 980, 987]
721 [85, 350, 726, 829]
722 []
723 [403, 464, 536]
724 [195, 248, 342, 468, 847, 918, 956, 968]
725 [771]
726 [24, 59, 637, 746, 967]
727 [139, 188, 308, 467, 615]
728 [46, 269, 342, 711, 994]
729 [120, 225, 638]
730 [328, 652, 827]
731 [188, 361, 562, 744, 904]
732 [37, 963]
733 [108, 280, 369, 438, 623, 672, 980]
734 [280, 846]
735 [29, 318, 519, 526, 766, 780]
736 [2, 483, 697, 773]
737 [110, 462, 989]
738 [122, 314, 694, 932, 997]
739 [347, 476, 831]
740 [202, 393, 446]
741 [29, 75, 332, 394, 505, 916]
742 [318, 427, 624, 715, 727, 826, 846]
743 [260, 526, 922]
744 [2, 12, 97, 250, 267, 531]
745 [220, 249, 530, 593, 760, 970]
746 [224, 277, 462, 483]
747 [305, 349, 628, 934]
748 [36, 139, 169, 576]
749 [304, 368, 405, 474, 480, 686, 874]
750 [52, 156, 267, 669, 790, 820, 862]
751 [314, 401, 486, 539]
752 [297, 376, 544, 975]
753 [532]
754 [173, 342, 762]
755 [439, 588, 599, 753, 928]
756 [137, 693]
757 [52, 384, 497, 809]
758 [424, 530, 676, 908]
759 [609]
760 [28, 96, 696]
761 [106, 963]
762 [182, 326, 580, 690]
763 [166, 560, 774]
764 [537, 699, 926]
765 [93, 112, 131, 317, 350]
766 [196, 492, 769, 803, 849]
767 [180, 230, 268, 357, 992]
768 [122, 471, 534, 906]
769 [16, 173, 313, 989, 997]
770 [101, 463, 639, 843, 871, 920]
771 [451, 518, 872]
772 [52, 352, 760, 772, 969, 977]
773 [28, 204, 283]
774 [169, 696, 751, 792]
775 [152, 288, 409, 445, 794, 925]
776 [30, 48, 315, 511, 774, 833]
777 [6, 99, 129, 405, 432, 468, 637]
778 [622, 936]
779 [459, 544]
780 [24, 140, 163, 348, 466, 766, 853]
781 [578, 789, 796]
782 [58, 507, 664, 719]
783 [246, 732, 774, 798, 937]
784 [1, 88, 138, 150, 345, 646, 859]
785 [676, 684]
786 [186, 210, 307, 542, 657, 681, 972]
787 [517, 564, 900, 992]
788 [167, 176, 282, 609]
789 [374, 644]
790 [104, 330]
791 [289, 405, 408]
792 [311, 861]
793 [54, 548, 690, 841]
794 [490]
795 [500, 865]
796 [703]
797 [10, 730, 732, 900]
798 [94, 286, 348, 370, 389, 572, 946]
799 [222, 304, 382, 520]
800 [367, 382, 390, 411, 662]
801 [167, 291, 397, 520, 677]
802 [294, 579, 989]
803 [153, 213, 340, 672]
804 [234, 513, 533, 577, 831]
805 [454, 749, 769]
806 [150, 172, 287]
807 [174, 387, 852, 919]
808 [95, 351]
809 [38, 95, 131, 189, 190, 211, 962]
810 [63, 548]
811 [261, 347, 605, 975]
812 [70, 106, 299, 569, 772, 837, 840]
813 [464, 753]
814 [384, 415, 584, 594, 743, 840, 895, 916, 983]
815 [515, 656, 926, 991]
816 [178, 281, 436, 912]
817 [81, 368, 393, 698]
818 [129]
819 [257, 473, 587, 638, 742]
820 [261, 507, 968]
821 [231, 560, 892]
822 [148, 480, 569, 577]
823 [370, 524, 895, 912, 973]
824 [148, 408]
825 [968, 969]
826 [74, 290, 324, 766, 944]
827 [42, 331]
828 [68, 87, 228, 675]
829 [11, 330, 378, 392, 394, 607, 916, 917, 993]
830 [322, 437, 745, 761]
831 [259, 526, 549, 759]
832 [51, 515, 650, 812]
833 [233, 751, 925]
834 [239, 274, 520]
835 [4, 273, 438, 447, 996]
836 [682, 694, 718, 818]
837 [40, 72, 105, 154, 250, 486, 670, 876]
838 [182, 724]
839 [248, 331, 942]
840 [67, 392, 394, 802]
841 [766, 815, 995]
842 [353, 519, 564, 915, 989]
843 [666]
844 [139, 431, 735]
845 [460, 593, 625, 666]
846 [264, 402, 647, 796]
847 [264, 511, 641, 924, 937, 959]
848 [144, 338, 574, 783]
849 [116, 566, 831]
850 [474, 894, 942]
851 [240, 284, 484, 683, 979]
852 [30, 600, 978]
853 [113, 164, 354, 389, 787]
854 [1, 85, 390, 620, 779, 936]
855 [186, 301, 573, 634, 761]
856 [99, 534, 640, 909, 987]
857 [33, 55, 451, 814, 865]
858 [133, 232, 298, 316, 820]
859 [170, 259, 291, 449, 848, 859, 914]
860 [239, 801, 804]
861 [203, 950]
862 [361, 370]
863 [49, 320, 721, 789]
864 [235, 299, 492, 533, 536, 941, 997]
865 [23, 84, 93, 109, 623, 721]
866 [557, 897]
867 [24, 141, 166, 334, 432, 827, 894, 940]
868 [125, 304, 481, 512, 547, 718]
869 [227]
870 [72, 480]
871 [161, 697, 769]
872 [285, 561]
873 [55, 232, 254, 605, 655, 664, 757, 831]
874 [518, 589]
875 [514, 550, 627, 848]
876 [144, 462, 581, 746]
877 [53, 323, 518, 599, 608]
878 [186, 687, 744, 792]
879 [294, 620, 986]
880 [172, 395, 508, 909]
881 [93, 299, 349, 430, 674, 893]
882 [366, 461, 985]
883 [174, 601, 625]
884 [698, 794, 967]
885 [134, 186, 930]
886 [212, 274, 281, 735]
887 [52, 202, 442, 933]
888 [76, 102, 907]
889 [12, 125, 264, 611, 646, 852, 945]
890 [312, 348, 769, 782]
891 [167, 567, 832]
892 [324, 711, 728]
893 []
894 [217, 385, 726, 789]
895 [50, 79, 644, 991]
896 [426, 570, 669, 685, 744, 752]
897 [136, 780, 844, 852, 899, 978]
898 [260, 297, 489, 804]
899 [707, 747, 767]
900 [294, 875, 893]
901 [293, 407, 432, 647]
902 [572, 726, 850]
903 [160, 302, 620, 983]
904 [88, 145, 191, 243, 257, 312, 777]
905 [69, 175, 515, 899, 921]
906 [114, 205, 279, 843]
907 [636, 906, 966]
908 [81, 252, 571, 622]
909 [245, 317, 339, 360, 496, 583, 737, 873, 886, 936]
910 [800, 867]
911 [197]
912 []
913 [819]
914 [115, 235, 282, 696]
915 [100, 696]
916 [103, 116, 550, 853]
917 [117, 433, 434, 627, 820]
918 [746]
919 [137, 285, 451, 699, 901]
920 [240, 684]
921 [163, 221, 859, 991]
922 [416, 496, 499]
923 [43, 169, 350, 416, 536, 813, 928]
924 [427, 467, 999]
925 [648, 723, 898, 957, 991]
926 [87, 192, 581, 837, 844, 910]
927 [7, 109, 222, 306, 451, 846]
928 [89, 459, 682]
929 [350, 979]
930 [92, 267, 697, 720, 841, 985]
931 [148, 181, 227, 338, 347, 618, 649, 872, 900]
932 [166, 182, 610, 981]
933 [89, 598, 717]
934 [997]
935 [324, 426, 620]
936 [287, 813]
937 [229, 277, 559]
938 [354, 375, 763]
939 [126, 173, 255, 289, 788, 799]
940 [143, 824, 825]
941 [24, 267, 431, 596, 649, 880]
942 [170, 300, 446, 486, 925]
943 [197, 343, 411, 482, 490, 522, 699, 772, 916, 956]
944 [450]
945 [134, 177, 314, 627]
946 [13, 33, 101, 122, 379, 644, 862, 926, 995]
947 [280, 648]
948 [37, 987]
949 [321, 402, 466, 631]
950 [323, 472, 548, 811, 920, 970]
951 [150, 423, 445, 704]
952 [74, 133, 253, 393, 514, 759, 916, 948]
953 [165]
954 [333, 552, 567]
955 []
956 [254, 588, 593, 736]
957 [3, 624, 794]
958 [88, 227, 253, 517, 736, 918, 972]
959 [684, 775, 779]
960 [119, 230, 739]
961 [126, 203, 240, 474, 594, 950]
962 [144, 394, 449, 548, 611]
963 [62, 264, 312, 669]
964 [499, 587, 814, 824]
965 [201, 740]
966 [290, 672]
967 [279, 713]
968 []
969 [284, 296, 485, 699, 908]
970 [737, 883]
971 [41, 550, 653]
972 [477, 482, 609, 615, 977]
973 [304, 519, 826]
974 [43, 195, 399, 579, 852]
975 [3, 94, 123, 153, 193, 389]
976 [155, 416, 432, 455, 490]
977 [897]
978 [116, 340, 512, 607, 806]
979 [501, 743, 787, 818, 937]
980 [207, 572, 829]
981 [58, 845, 886]
982 [60, 688, 904]
983 [350, 825]
984 [3, 296, 338, 501, 517, 537, 935]
985 [32, 708]
986 [493, 707, 831, 991]
987 [503, 578, 582]
988 [25, 174, 281, 307, 514, 623, 736, 739, 855]
989 [341, 528, 533, 583]
990 [360, 368, 512, 734]
991 [486]
992 [140, 282]
993 [32, 36, 187, 200, 342, 472, 473, 620, 726]
994 [68, 177, 221, 245, 592]
995 [54, 113, 423, 629, 736, 840, 903, 922]
996 [226, 336, 654]
997 [54, 485, 748, 795]
998 [174, 218, 303, 350]
999 [128, 204, 342, 756, 760, 983]
